7100.30732707  0.000684575108134
7103.22937331  0.00297245438876
7105.42456665  0.00293830693681
7108.35149111  0.00289277700088
7108.35149111  0.00289277700088
7109.81007512  0.00520342124947
7110.54180624  0.00519203876549
7112.01014667  0.00283586458096
7113.48824352  -0.00418712803668
7113.48824352  -0.00418712803668
7114.94194933  0.000456925428469
7114.94194933  0.000456925428469
7114.92731471  0.00745715307815
7116.37614231  0.0144346157599
7118.57133565  0.0144004683079
7119.29818856  0.0167224950405
7119.24452828  0.0423899964226
7119.95186835  0.0540456600215
7120.6396956  0.0750349604865
7121.27874077  0.119358353117
7121.97144623  0.138014244366
7121.96656802  0.140347653582
7121.96656802  0.140347653582
7121.9519334  0.147347881232
7121.9519334  0.147347881232
7122.66902989  0.154336726398
7122.63488244  0.170670590914
7123.30319685  0.200993528245
7123.26417119  0.219660801977
7123.2007545  0.249995121793
7124.60567823  0.277973267423
7124.56665257  0.296640541156
7126.06426225  0.280283911672
7126.08865329  0.268616865589
7126.84965365  0.254605027806
7128.35214153  0.235914989105
7127.71797457  0.189258187258
7128.47897493  0.175246349475
7129.2497317  0.156567693258
7130.08390517  0.107554717227
7130.18146932  0.0608865328954
7130.94734788  0.0445412858955
7131.70834824  0.0305294481121
7131.76688673  0.00252853751342
7132.52300888  -0.00914989105337
7132.53276529  -0.0138167094865
7134.01086214  -0.0208397021041
7134.75722788  -0.0278513122378
7137.69878695  -0.0348970698234
7138.45978731  -0.0489089076068
7139.9622752  -0.0675989463072
7140.70864093  -0.0746105564409
7140.72327555  -0.0816107840905
7140.72327555  -0.0816107840905
7141.45988487  -0.0839555757911
7142.21600702  -0.0956340043579
7142.96725097  -0.104979023708
7143.71849491  -0.114324043058
7144.46486065  -0.121335653192
7145.91856646  -0.116691599727
7147.36251585  -0.107380727829
7148.80646525  -0.0980698559303
7149.52356174  -0.0910810107646
7150.23578003  -0.0817587563823
7151.68460763  -0.0747812937006
7151.66997301  -0.0677810660509
7153.11880061  -0.0608036033692
7153.09440957  -0.0491365572864
7153.80174965  -0.0374808936876
7155.24082084  -0.0258366125728
7155.94328271  -0.0118475397574
7156.63110995  0.00914176070767
7157.33845003  0.0207974243065
7158.02627728  0.0417867247715
7160.16293213  0.0697534879183
7160.87515041  0.0790757423006
7161.58249049  0.0907314058994
7164.50453673  0.09301928518
7167.43633939  0.0906403460275
7168.90955803  0.0859507626264
7171.12914241  0.0742495690917
7173.353605  0.0602149663404
7174.83658005  0.0508585645062
7176.32443331  0.0391687534554
7177.07079905  0.0321571433217
7177.82204299  0.0228121239715
7178.56840873  0.0158005138378
7180.7831149  0.00643272951966
7182.26121175  -0.000590263097987
7185.93450194  -0.00764740316758
7189.61267033  -0.0170379524537
7192.55422941  -0.0240837100394
7195.49578848  -0.031129467625
7198.44222576  -0.0405086344271
7201.37890663  -0.0452209827962
7203.57409997  -0.0452551302481
7205.7644151  -0.0429558684835
7209.40355784  -0.0336791440372
7211.57923835  -0.0243796546229
7213.75004065  -0.0127467559921
7215.92572116  -0.00344726657777
7218.83313278  0.00584084035253
7221.0136915  0.0128069205503
7225.40407818  0.0127386256464
7230.52619597  0.0126589482585
7232.73114573  0.00795798237341
7235.65807018  0.00791245243748
7239.32160395  0.005522130801
7242.23877199  0.0101434192982
7245.16081824  0.0124312985788
7248.80483918  0.0193746138086
7250.99515431  0.0216738755732
7256.11727211  0.0215941981853
7259.04419656  0.0215486682494
7259.04419656  0.0215486682494
7263.43946145  0.0191469641289
7267.84448275  0.0120784415753
7270.05918892  0.00271065725715
7273.0056262  -0.00666850954503
7275.94230707  -0.0113808579141
7279.61071905  -0.0161045887671
7282.54739992  -0.0208169371362
7285.47920258  -0.0231958762887
7288.40124882  -0.020907997008
7293.51848841  -0.0186542651794
7297.17226576  -0.0163777683827
7301.55289603  -0.0117792448535
7307.39698852  -0.00720348629224
7313.97281212  -0.00263911021497
7321.27548863  0.00424729259488
7325.66099711  0.00651240690754
7328.57816514  0.0111336954047
7332.96367362  0.0133988097174
7335.15886696  0.0133646622654
7340.28586295  0.010951575661
7344.68112784  0.00854987154054
7350.54473316  0.00379199323555
7356.39858207  0.00370093336369
7360.06699405  -0.00102279748935
7363.72564961  -0.00107970990927
7367.38918339  -0.00347003154574
7370.32098605  -0.00584897069823
7376.17483495  -0.0059400305701
7384.2238772  -0.00606523789392
7387.88253277  -0.00612215031383
7392.27291944  -0.00619044521773
7395.93157501  -0.00624735763765
7398.85849946  -0.00629288757358
