7102.19512195  0.00936454849498
7104.3902439  0.00936454849498
7107.31707317  0.00468227424749
7109.51219512  0.00468227424749
7110.97560976  0
7112.43902439  0.00936454849498
7112.43902439  0.01872909699
7113.17073171  0.0280936454849
7113.17073171  0.0421404682274
7113.90243902  0.0561872909699
7114.63414634  0.0608695652174
7116.09756098  0.0608695652174
7117.56097561  0.0655518394649
7117.56097561  0.0749163879599
7118.29268293  0.0889632107023
7119.02439024  0.103010033445
7119.75609756  0.126421404682
7119.75609756  0.145150501672
7119.75609756  0.177926421405
7120.48780488  0.20602006689
7121.2195122  0.22474916388
7121.95121951  0.252842809365
7121.95121951  0.280936454849
7121.95121951  0.318394648829
7122.68292683  0.360535117057
7123.41463415  0.412040133779
7123.41463415  0.449498327759
7123.41463415  0.482274247492
7124.14634146  0.515050167224
7124.14634146  0.547826086957
7124.14634146  0.575919732441
7124.87804878  0.585284280936
7126.34146341  0.594648829431
7127.07317073  0.632107023411
7127.07317073  0.660200668896
7127.80487805  0.688294314381
7127.80487805  0.739799331104
7128.53658537  0.791304347826
7128.53658537  0.819397993311
7128.53658537  0.847491638796
7128.53658537  0.898996655518
7128.53658537  0.945819397993
7129.26829268  0.992642140468
7129.26829268  1.03946488294
7130  1.08160535117
7130  1.13779264214
7130.73170732  1.20802675585
7131.46341463  1.29698996656
7132.92682927  1.23612040134
7133.65853659  1.18461538462
7133.65853659  1.15652173913
7134.3902439  1.13779264214
7134.3902439  1.1143812709
7135.12195122  1.10033444816
7135.85365854  1.09096989967
7137.31707317  1.07224080268
7138.7804878  1.07692307692
7139.51219512  1.08628762542
7140.24390244  1.09565217391
7140.97560976  1.10969899666
7140.97560976  1.1237458194
7141.70731707  1.14715719064
7142.43902439  1.15652173913
7143.17073171  1.16588628763
7143.90243902  1.17525083612
7145.36585366  1.16588628763
7145.36585366  1.15183946488
7146.09756098  1.13779264214
7146.82926829  1.10501672241
7146.82926829  1.08160535117
7147.56097561  1.06287625418
7148.29268293  1.03010033445
7148.29268293  1.01137123746
7149.02439024  0.987959866221
7149.75609756  0.959866220736
7150.48780488  0.945819397993
7150.48780488  0.927090301003
7151.2195122  0.894314381271
7151.95121951  0.866220735786
7152.68292683  0.856856187291
7153.41463415  0.838127090301
7154.14634146  0.824080267559
7154.87804878  0.805351170569
7156.34146341  0.791304347826
7157.80487805  0.781939799331
7158.53658537  0.786622073579
7159.26829268  0.791304347826
7160.73170732  0.800668896321
7162.19512195  0.805351170569
7163.65853659  0.824080267559
7164.3902439  0.838127090301
7165.85365854  0.852173913043
7167.31707317  0.866220735786
7168.04878049  0.884949832776
7169.51219512  0.903678929766
7170.24390244  0.913043478261
7171.70731707  0.927090301003
7172.43902439  0.941137123746
7173.90243902  0.955183946488
7175.36585366  0.969230769231
7176.82926829  0.987959866221
7177.56097561  0.997324414716
7179.75609756  1.00200668896
7183.41463415  1.01137123746
7187.80487805  1.02073578595
7191.46341463  1.0254180602
7195.12195122  1.0347826087
7197.31707317  1.0347826087
7200.24390244  1.04414715719
7201.70731707  1.04414715719
7203.17073171  1.04414715719
7205.36585366  1.0347826087
7206.82926829  1.03010033445
7209.02439024  1.02073578595
7211.2195122  1.01137123746
7213.41463415  0.997324414716
7216.34146341  0.992642140468
7218.53658537  0.983277591973
7222.19512195  0.978595317726
7223.65853659  0.978595317726
7226.58536585  0.978595317726
7228.7804878  0.983277591973
7231.70731707  0.983277591973
7234.63414634  0.983277591973
7239.02439024  0.987959866221
7241.95121951  0.987959866221
7245.6097561  0.978595317726
7249.26829268  0.978595317726
7252.92682927  0.973913043478
7255.85365854  0.973913043478
7259.51219512  0.978595317726
7262.43902439  0.987959866221
7263.17073171  0.992642140468
7266.82926829  1.00200668896
7269.02439024  1.01137123746
7272.68292683  1.02073578595
7276.34146341  1.0347826087
7280.73170732  1.04414715719
7284.3902439  1.03946488294
7288.04878049  1.0347826087
7290.24390244  1.03010033445
7292.43902439  1.03010033445
7294.63414634  1.0254180602
7296.82926829  1.0254180602
7299.02439024  1.0254180602
7301.2195122  1.02073578595
7305.6097561  1.02073578595
7307.07317073  1.01605351171
7310.73170732  1.01137123746
7312.19512195  1.01137123746
7314.3902439  1.01137123746
7318.04878049  1.00200668896
7320.24390244  1.00200668896
7323.90243902  0.997324414716
7328.29268293  0.997324414716
7331.2195122  0.992642140468
7336.34146341  0.992642140468
7339.26829268  0.992642140468
7342.92682927  0.992642140468
7348.04878049  0.992642140468
7353.17073171  0.997324414716
7356.09756098  1.00200668896
7359.75609756  1.00668896321
7363.41463415  1.01137123746
7365.6097561  1.01137123746
7370.73170732  1.01137123746
7372.92682927  1.00200668896
7378.04878049  1.00200668896
7381.70731707  1.00200668896
7387.56097561  1.00200668896
7390.48780488  1.00200668896
7395.6097561  0.997324414716
7400  0.997324414716
