7050  -0.00559701492537
7051.10294118  -0.00746268656716
7052.57352941  -0.00932835820896
7053.67647059  -0.00932835820896
7054.77941176  -0.0111940298507
7055.88235294  -0.0130597014925
7058.08823529  -0.0149253731343
7063.60294118  -0.00932835820896
7068.38235294  -0.0167910447761
7073.16176471  0.00186567164179
7078.67647059  0.00373134328358
7083.82352941  0.0261194029851
7093.75  0.0186567164179
7098.52941176  0.00559701492537
7104.04411765  0.00559701492537
7108.82352941  0.0111940298507
7113.97058824  0.0485074626866
7115.44117647  0.0839552238806
7116.91176471  0.119402985075
7119.48529412  0.173507462687
7120.22058824  0.194029850746
7122.42647059  0.261194029851
7124.26470588  0.313432835821
7125  0.378731343284
7126.10294118  0.46828358209
7126.47058824  0.494402985075
7127.20588235  0.539179104478
7127.94117647  0.59328358209
7128.30882353  0.647388059701
7129.04411765  0.695895522388
7129.41176471  0.72947761194
7130.51470588  0.761194029851
7131.61764706  0.789179104478
7133.45588235  0.832089552239
7136.02941176  0.886194029851
7137.86764706  0.917910447761
7139.33823529  0.951492537313
7142.64705882  0.891791044776
7144.48529412  0.85447761194
7145.22058824  0.84328358209
7146.32352941  0.82276119403
7148.52941176  0.794776119403
7149.63235294  0.777985074627
7152.20588235  0.753731343284
7154.41176471  0.735074626866
7159.92647059  0.69776119403
7163.60294118  0.707089552239
7165.07352941  0.710820895522
7169.85294118  0.714552238806
7175  0.783582089552
7180.14705882  0.804104477612
7184.92647059  0.869402985075
7190.80882353  0.90671641791
7195.58823529  0.930970149254
7200.73529412  0.938432835821
7203.67647059  0.919776119403
7205.14705882  0.904850746269
7209.55882353  0.882462686567
7213.97058824  0.860074626866
7220.58823529  0.830223880597
7223.16176471  0.841417910448
7226.10294118  0.85447761194
7230.88235294  0.89552238806
7236.02941176  0.938432835821
7241.54411765  0.938432835821
7245.95588235  0.914179104478
7251.10294118  0.908582089552
7254.77941176  0.932835820896
7258.45588235  0.958955223881
7261.39705882  0.97947761194
7266.54411765  1.01865671642
7271.69117647  0.990671641791
7278.67647059  1.00559701493
7281.98529412  1.01305970149
7286.76470588  1.02425373134
7289.33823529  1.00746268657
7291.91176471  0.990671641791
7297.05882353  0.981343283582
7302.20588235  1.00373134328
7306.98529412  1.03917910448
7312.13235294  1.00373134328
7317.27941176  0.988805970149
7324.26470588  0.985074626866
7329.04411765  0.983208955224
7331.98529412  0.97947761194
7338.23529412  0.977611940299
7342.64705882  0.966417910448
7345.22058824  0.975746268657
7347.42647059  0.985074626866
7349.63235294  0.996268656716
