7051.38262148  0.0186823406526
7052.84770548  0.0261681044159
7054.32515885  0.0168315153403
7055.80123785  0.00936407658019
7056.91104585  2.5196879252e-005
7058.3898736  -0.0111805425117
7059.86320385  -0.014909680641
7061.70417948  -0.0186365281449
7063.54652947  -0.0242325259642
7065.39025385  -0.031697674099
7067.23397822  -0.0391628222337
7068.34103747  -0.0447634013038
7069.07357947  -0.0410205194222
7070.53866347  -0.033534755659
7072.37001846  -0.024177550955
7074.20412221  -0.0185586468818
7076.03685158  -0.0110705924932
7077.87095533  -0.00545168841997
7079.70505908  0.000167215653218
7081.53778845  0.00765527004183
7083.00562119  0.0114027331742
7085.20737032  0.0170239278728
7086.67382869  0.0226405413206
7088.51068119  0.0245211447629
7090.35303118  0.0189251469436
7092.19538118  0.0133291491243
7093.67008581  0.00773086067958
7095.87595805  0.0077446044319
7097.3492883  0.00401546630261
7098.8198698  0.00402462880416
7100.65259917  0.0115126831928
7102.85297392  0.0190030282068
7103.58551592  0.0227459100884
7103.94903817  0.02835565166
7105.04510241  0.0377082751133
7105.40725029  0.0451871670003
7105.76664941  0.0564043595182
7106.12879728  0.0638832514053
7106.85721616  0.0732335842332
7107.21798966  0.0825816264356
7107.94640853  0.0919319592635
7108.30993078  0.0975417008352
7108.66795553  0.110628043668
7109.03147777  0.11623778524
7109.3908769  0.127454977758
7109.75302477  0.134933869645
7110.11379827  0.144281911848
7110.47319739  0.155499104365
7110.83397089  0.164847146568
7110.82984777  0.170454597514
7111.18787251  0.183540940348
7111.55139476  0.189150681919
7111.91216826  0.198498724122
7112.27294176  0.207846766324
7112.63234088  0.219063958842
7112.99311438  0.228412001045
7113.35113913  0.241498343878
7114.07268612  0.260194428283
7114.06169112  0.275147630806
7114.41421837  0.295710574901
7114.76949437  0.312535218365
7115.49241574  0.329362152455
7115.84631736  0.348055946234
7116.19884461  0.368618890329
7116.55412061  0.385443533794
7116.90664785  0.406006477889
7117.26054948  0.424700271668
7117.61719985  0.439655764817
7117.97110147  0.458349558596
7118.32500309  0.477043352376
7119.04792446  0.493870286466
7119.40045171  0.514433230561
7119.75572771  0.531257874025
7120.10825496  0.55182081812
7120.46490533  0.566776311269
7120.81743258  0.587339255363
7121.1713342  0.606033049143
7121.89288119  0.624729133548
7121.88188619  0.639682336071
7122.60480756  0.656509270161
7122.95870919  0.675203063941
7123.31123643  0.695766008036
7123.66788681  0.710721501184
7124.02178843  0.729415294964
7124.74058667  0.75184968
7125.09586267  0.768674323464
7125.45251305  0.783629816613
7125.80504029  0.804192760708
7126.16031629  0.821017404172
7126.51284354  0.841580348267
7127.23713928  0.856538132041
7127.58966653  0.877101076136
7127.94494253  0.8939257196
7128.29884415  0.91261951338
7129.7611794  0.923843577774
7131.59253439  0.933200782478
7133.42526377  0.940688836866
7135.25936751  0.946307740939
7137.45974226  0.953798085953
7138.56130401  0.955674108145
7139.67386076  0.942596927813
7140.78779188  0.927650597166
7141.16093476  0.92017628653
7141.90447176  0.908965965888
7142.64663438  0.899624795562
7143.02115163  0.89028133461
7143.76193988  0.882809314599
7144.87312226  0.871601284583
7145.98018151  0.866000705513
7147.45763488  0.856664116437
7148.93646263  0.845458377046
7149.67862526  0.83611720672
7150.78980763  0.824909176703
7151.53059588  0.817437156693
7152.27138413  0.809965136682
7153.01354676  0.800623966355
7153.75296063  0.79502109666
7153.75570938  0.791282796029
7155.22903963  0.7875536579
7157.06726651  0.787565111027
7158.90686775  0.785707413838
7160.00430638  0.793190886976
7161.1072425  0.793197758852
7162.20193237  0.804419532621
7164.03466174  0.811907587009
7165.13072599  0.821260210463
7165.49149949  0.830608252665
7166.21854399  0.841827735808
7166.58206624  0.84743747738
7167.67675611  0.858659251149
7168.03890398  0.866138143036
7168.76732285  0.875488475864
7169.4971161  0.882969658376
7170.95945135  0.89419372277
7172.05688997  0.901677195908
7173.52059959  0.911032109987
7174.62078697  0.914777282494
7175.72372309  0.91478415437
7177.56194996  0.914795607497
7179.40017684  0.914807060624
7180.86938396  0.916685373441
7182.33584233  0.922301986888
7182.70348771  0.922304277514
7184.53896583  0.926054031272
7186.00679858  0.929801494404
7187.1097347  0.92980836628
7188.21129645  0.931684388472
7189.31423257  0.931691260348
7190.04814895  0.933564991914
7191.14421319  0.942917615367
7192.60929719  0.950403379131
7193.70536144  0.959756002584
7194.43790344  0.963498884465
7195.54358831  0.959767455711
7198.12260343  0.952306888827
7199.22966268  0.946706309757
7201.07063831  0.942979462253
7202.91161393  0.939252614749
7204.75121518  0.93739491756
7206.2204223  0.939273230377
7208.05864917  0.939284683504
7210.26314704  0.941167577572
7211.74197479  0.929961838181
7213.21942817  0.920625249106
7214.69688154  0.91128866003
7216.53923154  0.905692662211
7218.38020716  0.901965814707
7219.85353741  0.898236676577
7221.33099079  0.888900087502
7222.44079879  0.879561207801
7223.91825216  0.870224618725
7225.39570554  0.86088802965
7226.49039541  0.872109803419
7227.9554794  0.879595567182
7228.6825239  0.890815050325
7229.77996253  0.898298523463
7230.50975577  0.905779705975
7231.6071944  0.913263179113
7233.07090402  0.922618093192
7234.53873677  0.926365556324
7236.00382076  0.933851320087
7237.47027914  0.939467933535
7239.30300851  0.946955987924
7241.50338325  0.954446332938
7243.34023575  0.95632693638
7244.44042312  0.960072108887
7245.54335925  0.960078980763
7246.64904412  0.956347552009
7248.49139412  0.950751554189
7249.96609874  0.945153265745
7251.80295124  0.947033869187
7253.63980374  0.948914472629
7255.84292724  0.952666517012
7256.95136086  0.945196787627
7258.79783398  0.933993338861
7259.90626761  0.926523609476
7261.00782936  0.928399631667
7261.73762261  0.93588081418
7262.83231248  0.947102587949
7263.19446035  0.954581479836
7263.92287922  0.963931812663
7264.6512981  0.973282145491
7265.37971697  0.982632478319
7265.74323922  0.988242219891
7266.47852997  0.988246801142
7268.31400809  0.991996554899
7269.78184084  0.995744018032
7271.61594459  1.0013629221
7272.71338321  1.00884639524
7273.80944746  1.0181990187
7275.2717827  1.02942308309
7276.74373858  1.02756309528
7277.85354658  1.01822421558
7279.33099995  1.0088876265
7280.80845332  0.999551037424
7282.27903482  0.999560199926
7283.74686757  1.00330766306
7286.31901082  1.00519284775
7287.42469569  1.001461419
7289.26567131  0.997734571493
7291.10664694  0.994007723989
7292.93800193  1.00336492869
7294.40308593  1.01085069246
7296.2358153  1.01833874684
7298.07404217  1.01835019997
7300.27854005  1.02023309404
7301.74774717  1.02211140686
7303.95361942  1.02212515061
7304.31851604  1.02586574186
7305.42282654  1.02400346343
7307.63007316  1.02214805686
7308.73713241  1.01654747779
7310.20771391  1.01655664029
7310.58085679  1.00908232966
7312.41908366  1.00909378278
7314.62220715  1.01284582717
7316.09278865  1.01285498967
7318.2986609  1.01286873342
7319.40159702  1.0128756053
7321.97511465  1.01289163968
7323.44569614  1.01290080218
7325.28529739  1.01104310499
7326.75587889  1.01105226749
7328.59685451  1.00732541999
7330.07155914  1.00172713154
7332.28155451  0.996133424348
7334.49292426  0.988670566838
7335.96762888  0.983072278393
7337.07193938  0.981209999954
7338.17350113  0.983086022146
7339.64408263  0.983095184647
7340.74427  0.986840357154
7343.31641325  0.988725541847
7344.78424599  0.99247300498
7346.25345312  0.994351317797
7348.45657661  0.99810336218
