6.962500000000000000e+03 -1.312574786953296527e-03
6.963500000000000000e+03 8.503592263839541282e-03
6.964500000000000000e+03 1.887398738434781925e-02
6.965500000000000000e+03 1.300294930120161029e-02
6.966500000000000000e+03 5.189120217478679353e-03
6.967500000000000000e+03 2.886279510611278361e-03
6.968500000000000000e+03 -7.026727180577146091e-03
6.969500000000000000e+03 2.132105814800333132e-03
6.970500000000000000e+03 9.557697777488990271e-03
6.971500000000000000e+03 3.685627286473561887e-02
6.972500000000000000e+03 -8.590524775462137635e-03
6.973500000000000000e+03 -1.150522695111232813e-02
6.974500000000000000e+03 -1.266287457552309724e-02
6.975500000000000000e+03 1.117948751323125794e-02
6.976500000000000000e+03 -1.785237855060282583e-02
6.977500000000000000e+03 1.879727331799941129e-02
6.978500000000000000e+03 1.679713670870029013e-02
6.979500000000000000e+03 9.982011488756591458e-03
6.980500000000000000e+03 6.346354803062345153e-03
6.981500000000000000e+03 -2.827836788639233583e-03
6.982500000000000000e+03 1.813704232383716447e-02
6.983500000000000000e+03 -3.517074509603292966e-03
6.984500000000000000e+03 5.656977105484729991e-03
6.985500000000000000e+03 2.421929265335356560e-02
6.986500000000000000e+03 1.414276262688966140e-02
6.987500000000000000e+03 1.056328898789194587e-02
6.988500000000000000e+03 -6.809973628674207725e-03
6.989500000000000000e+03 -7.719079281431627353e-03
6.990500000000000000e+03 -1.583226963510990862e-02
6.991500000000000000e+03 -1.304594360744502045e-02
6.992500000000000000e+03 1.158965288737081228e-04
6.993500000000000000e+03 -1.435780541417437314e-02
6.994500000000000000e+03 -1.088008711642942175e-02
6.995500000000000000e+03 1.063804507491423676e-02
6.996500000000000000e+03 2.391301143777364770e-03
6.997500000000000000e+03 1.159103002950346087e-02
6.998500000000000000e+03 9.407801421284009771e-03
6.999500000000000000e+03 -2.215804906740768271e-02
7.000500000000000000e+03 -2.077077500025721005e-03
7.001500000000000000e+03 8.534783946664470551e-04
7.002500000000000000e+03 3.661851317332980461e-03
7.003500000000000000e+03 -2.221477590286968090e-02
7.004500000000000000e+03 2.844305583851467704e-03
7.005500000000000000e+03 -2.700772253245740592e-02
7.006500000000000000e+03 -1.743515848963023834e-02
7.007500000000000000e+03 4.394970875906122586e-03
7.008500000000000000e+03 1.747535127038961703e-02
7.009500000000000000e+03 7.746953867285596637e-03
7.010500000000000000e+03 1.430397991071782025e-02
7.011500000000000000e+03 4.400668997331064897e-03
7.012500000000000000e+03 -1.430450669546215773e-03
7.013500000000000000e+03 -4.920866686939822168e-03
7.014500000000000000e+03 8.354966258196613524e-03
7.015500000000000000e+03 3.080809626027174002e-03
7.016500000000000000e+03 7.345911635793389398e-03
7.017500000000000000e+03 1.506690811200528174e-03
7.018500000000000000e+03 -1.241277870684551025e-02
7.019500000000000000e+03 -1.300638346787782486e-02
7.020500000000000000e+03 3.119479225384262991e-03
7.021500000000000000e+03 -1.725776743963941887e-02
7.022500000000000000e+03 -1.703759898803896763e-02
7.023500000000000000e+03 -3.213984590294619720e-02
7.024500000000000000e+03 -6.319247450586899448e-03
7.025500000000000000e+03 -1.030332115996404618e-02
7.026500000000000000e+03 -3.235859086391870438e-03
7.027500000000000000e+03 -4.083611380290655749e-03
7.028500000000000000e+03 -1.233600237101916894e-02
7.029500000000000000e+03 -1.430697372901135710e-02
7.030500000000000000e+03 -2.152197326668978811e-02
7.031500000000000000e+03 -1.467963441846688484e-02
7.032500000000000000e+03 -2.376341722750693886e-02
7.033500000000000000e+03 -9.288486490884838298e-03
7.034500000000000000e+03 -4.608171083461900033e-03
7.035500000000000000e+03 -1.342210944483517368e-02
7.036500000000000000e+03 -2.213717528544729973e-02
7.037500000000000000e+03 -1.323143848606153292e-02
7.038500000000000000e+03 -1.845219304655252440e-02
7.039500000000000000e+03 -2.297458657779770028e-02
7.040500000000000000e+03 -2.873094305656071976e-02
7.041500000000000000e+03 -2.583705186925793623e-02
7.042500000000000000e+03 5.044770400406345737e-03
7.043500000000000000e+03 -2.881997626315313879e-02
7.044500000000000000e+03 -2.318570231572168738e-02
7.045500000000000000e+03 -1.716142508734539579e-02
7.046500000000000000e+03 -4.827515523332051584e-02
7.047500000000000000e+03 -3.042988789116014142e-02
7.048500000000000000e+03 -3.424492156045907953e-02
7.049500000000000000e+03 -3.272397716900792008e-02
7.050500000000000000e+03 -3.188481020220636231e-02
7.051500000000000000e+03 -4.398330661696213395e-02
7.052500000000000000e+03 -2.908705343464467949e-02
7.053500000000000000e+03 -5.088143099795885277e-02
7.054500000000000000e+03 -5.827966932778480547e-02
7.055500000000000000e+03 -5.794110615654419344e-02
7.056500000000000000e+03 -9.142506398985421334e-02
7.057500000000000000e+03 -9.030695200010606383e-02
7.058500000000000000e+03 -6.090843006042581664e-02
7.059500000000000000e+03 -8.128831860098933992e-02
7.060500000000000000e+03 -7.238474185560091201e-02
7.061500000000000000e+03 -7.028148886259144579e-02
7.062500000000000000e+03 -4.208481309377368890e-02
7.063500000000000000e+03 -2.611737046996412751e-02
7.064500000000000000e+03 -2.078789298626460696e-02
7.065500000000000000e+03 -8.176413630865464466e-03
7.066500000000000000e+03 -1.334701137593322269e-02
7.067500000000000000e+03 -7.420235018644466031e-03
7.068500000000000000e+03 1.421606556147198995e-03
7.069500000000000000e+03 -5.532860396693803362e-03
7.070500000000000000e+03 -5.814230822108308605e-03
7.071500000000000000e+03 -1.086521777136422763e-02
7.072500000000000000e+03 1.014650283618968689e-02
7.073500000000000000e+03 8.850414293656665848e-03
7.074500000000000000e+03 4.964049695903307961e-03
7.075500000000000000e+03 2.473117637323968970e-02
7.076500000000000000e+03 1.432986830621862332e-03
7.077500000000000000e+03 1.728836558439431070e-02
7.078500000000000000e+03 1.370357761363312152e-02
7.079500000000000000e+03 6.961597800665924110e-03
7.080500000000000000e+03 1.817029666314941760e-03
7.081500000000000000e+03 4.500388603270096335e-03
7.082500000000000000e+03 2.936820699809409435e-02
7.083500000000000000e+03 5.387444253902320089e-03
7.084500000000000000e+03 -4.474369056566969600e-03
7.085500000000000000e+03 9.626976505056254393e-03
7.086500000000000000e+03 1.917614169672912303e-02
7.087500000000000000e+03 1.863718683220551633e-02
7.088500000000000000e+03 3.673699690279002422e-02
7.089500000000000000e+03 2.481506402644004239e-02
7.090500000000000000e+03 3.481738369407681721e-02
7.091500000000000000e+03 2.634856165115621526e-02
7.092500000000000000e+03 1.842188356864350729e-02
7.093500000000000000e+03 1.902723023269842217e-02
7.094500000000000000e+03 1.036787778756608457e-02
7.095500000000000000e+03 1.979318328439177294e-02
7.096500000000000000e+03 3.803121439281102745e-02
7.097500000000000000e+03 3.006078566011712722e-02
7.098500000000000000e+03 4.593951222160246733e-02
7.099500000000000000e+03 3.691319643826779934e-02
7.100500000000000000e+03 4.278957039858276995e-02
7.101500000000000000e+03 6.278468660405216173e-02
7.102500000000000000e+03 4.247101567878781847e-02
7.103500000000000000e+03 7.391567836004390990e-02
7.104500000000000000e+03 7.708402745805359446e-02
7.105500000000000000e+03 5.430489301422820880e-02
7.106500000000000000e+03 6.516239961401915082e-02
7.107500000000000000e+03 5.437245747112944005e-02
7.108500000000000000e+03 1.016050733948446472e-01
7.109500000000000000e+03 8.964216439044050966e-02
7.110500000000000000e+03 1.072345398758887264e-01
7.111500000000000000e+03 1.242391249030824901e-01
7.112500000000000000e+03 1.082319939932954167e-01
7.113500000000000000e+03 1.426967324910181079e-01
7.114500000000000000e+03 1.528664367361813325e-01
7.115500000000000000e+03 1.770136020328386683e-01
7.116500000000000000e+03 1.681627254285384676e-01
7.117500000000000000e+03 2.392301994723497194e-01
7.118500000000000000e+03 2.466871899884615082e-01
7.119500000000000000e+03 2.722208991707045223e-01
7.120500000000000000e+03 3.298538067359733095e-01
7.121500000000000000e+03 3.621648039768252669e-01
7.122500000000000000e+03 4.156523638205978921e-01
7.123500000000000000e+03 5.100754414519047542e-01
7.124500000000000000e+03 5.861806433477065870e-01
7.125500000000000000e+03 7.013973654301828287e-01
7.126500000000000000e+03 7.837440811284130948e-01
7.127500000000000000e+03 8.409292751097869889e-01
7.128500000000000000e+03 9.416401826194441549e-01
7.129500000000000000e+03 9.856825611098747331e-01
7.130500000000000000e+03 1.056439698360102097e+00
7.131500000000000000e+03 1.131791009297648865e+00
7.132500000000000000e+03 1.140681242460164002e+00
7.133500000000000000e+03 1.174911304932537259e+00
7.134500000000000000e+03 1.182993288629907713e+00
7.135500000000000000e+03 1.203636229570888005e+00
7.136500000000000000e+03 1.209374001173987745e+00
7.137500000000000000e+03 1.194098382503838041e+00
7.138500000000000000e+03 1.156734204234063590e+00
7.139500000000000000e+03 1.154616537270538368e+00
7.140500000000000000e+03 1.137464451851695202e+00
7.141500000000000000e+03 1.121412720468213386e+00
7.142500000000000000e+03 1.123395188482241291e+00
7.143500000000000000e+03 1.086720747348766780e+00
7.144500000000000000e+03 1.063747463079034672e+00
7.145500000000000000e+03 1.058602759754026845e+00
7.146500000000000000e+03 1.036855704246908205e+00
7.147500000000000000e+03 1.023383540733586505e+00
7.148500000000000000e+03 1.001285532473545237e+00
7.149500000000000000e+03 9.759169886297726082e-01
7.150500000000000000e+03 9.767683866975273022e-01
7.151500000000000000e+03 9.558413098898911331e-01
7.152500000000000000e+03 9.265147034319026753e-01
7.153500000000000000e+03 9.545599776984757812e-01
7.154500000000000000e+03 9.410099901658123267e-01
7.155500000000000000e+03 8.954763429871953617e-01
7.156500000000000000e+03 9.014969271436742426e-01
7.157500000000000000e+03 8.931741439204711197e-01
7.158500000000000000e+03 8.721967815333657725e-01
7.159500000000000000e+03 8.624728081946098079e-01
7.160500000000000000e+03 8.650800134467875324e-01
7.161500000000000000e+03 9.062865769278087846e-01
7.162500000000000000e+03 8.438635713754205625e-01
7.163500000000000000e+03 8.579419691748696453e-01
7.164500000000000000e+03 8.655625627650285203e-01
7.165500000000000000e+03 8.486143433366976074e-01
7.166500000000000000e+03 8.706927688501886475e-01
7.167500000000000000e+03 8.764526273343009599e-01
7.168500000000000000e+03 8.924776952340647274e-01
7.169500000000000000e+03 9.071740552226362775e-01
7.170500000000000000e+03 8.970961084376352090e-01
7.171500000000000000e+03 9.281671967467355344e-01
7.172500000000000000e+03 9.641657769930105371e-01
7.173500000000000000e+03 9.434605730905114562e-01
7.174500000000000000e+03 9.504086041577629596e-01
7.175500000000000000e+03 9.969544494307921445e-01
7.176500000000000000e+03 1.039599698457292387e+00
7.177500000000000000e+03 1.024474378266996055e+00
7.178500000000000000e+03 1.016774971060217192e+00
7.179500000000000000e+03 1.062528680980117546e+00
7.180500000000000000e+03 1.060503075216236990e+00
7.181500000000000000e+03 1.055884779127288287e+00
7.182500000000000000e+03 1.090974684471357481e+00
7.183500000000000000e+03 1.100965969368502551e+00
7.184500000000000000e+03 1.066237340614338391e+00
7.185500000000000000e+03 1.059839244117507961e+00
7.186500000000000000e+03 1.046840184508121219e+00
7.187500000000000000e+03 1.068173526932562734e+00
7.188500000000000000e+03 1.063434403099097647e+00
7.189500000000000000e+03 1.055281256695611569e+00
7.190500000000000000e+03 1.049950174624704413e+00
7.191500000000000000e+03 1.084730807122453955e+00
7.192500000000000000e+03 1.039019368858993264e+00
7.193500000000000000e+03 1.059650177468993038e+00
7.194500000000000000e+03 1.043247087861729039e+00
7.195500000000000000e+03 1.057577759950917518e+00
7.196500000000000000e+03 1.067829600819917069e+00
7.197500000000000000e+03 1.043305619389609085e+00
7.198500000000000000e+03 1.030099885134216686e+00
7.199500000000000000e+03 1.019319434772635535e+00
7.200500000000000000e+03 1.043157942006523786e+00
7.201500000000000000e+03 1.006720194596441464e+00
7.202500000000000000e+03 9.891116647752956625e-01
7.203500000000000000e+03 1.017494382175132328e+00
7.204500000000000000e+03 1.016122030673060950e+00
7.205500000000000000e+03 9.864567947018132443e-01
7.206500000000000000e+03 9.995989897848308603e-01
7.207500000000000000e+03 9.692663454992423988e-01
7.208500000000000000e+03 9.947609782858509719e-01
7.209500000000000000e+03 9.911888720070468617e-01
7.210500000000000000e+03 9.941609804690293428e-01
7.211500000000000000e+03 9.722644369060062797e-01
7.212500000000000000e+03 9.785075762255843745e-01
7.213500000000000000e+03 9.445332164286063259e-01
7.214500000000000000e+03 9.468493498572017053e-01
7.215500000000000000e+03 9.447344875371738171e-01
7.216500000000000000e+03 9.347705581184694301e-01
7.217500000000000000e+03 9.535164752976816871e-01
7.218500000000000000e+03 9.640702075256317727e-01
7.219500000000000000e+03 9.797737657392781019e-01
7.220500000000000000e+03 9.616922894707600200e-01
7.221500000000000000e+03 9.277891221074719974e-01
7.222500000000000000e+03 9.480496894022016896e-01
7.223500000000000000e+03 9.628402401912650177e-01
7.224500000000000000e+03 9.533838440942398185e-01
7.225500000000000000e+03 9.401359520121783664e-01
7.226500000000000000e+03 9.835452199913436999e-01
7.227500000000000000e+03 9.630477376532812217e-01
7.228500000000000000e+03 9.658811904945988625e-01
7.229500000000000000e+03 9.821991984037584666e-01
7.230500000000000000e+03 9.677752595996341745e-01
7.231500000000000000e+03 9.644469995383238015e-01
7.232500000000000000e+03 9.862670042900838485e-01
7.233500000000000000e+03 9.523665176397553278e-01
7.234500000000000000e+03 9.620212837332536848e-01
7.235500000000000000e+03 9.859225361041531466e-01
7.236500000000000000e+03 9.760630977168082145e-01
7.237500000000000000e+03 9.922587117109008537e-01
7.238500000000000000e+03 9.647110543192826126e-01
7.239500000000000000e+03 9.664526772725687831e-01
7.240500000000000000e+03 1.005542914168426893e+00
7.241500000000000000e+03 1.006507634092889791e+00
7.242500000000000000e+03 9.597581979513954975e-01
7.243500000000000000e+03 9.998348180960854314e-01
7.244500000000000000e+03 9.951451743354120527e-01
7.245500000000000000e+03 9.961051698912282149e-01
7.246500000000000000e+03 9.927321390835474046e-01
7.247500000000000000e+03 9.820395338937293328e-01
7.248500000000000000e+03 1.010530065216375784e+00
7.249500000000000000e+03 1.027913412156885142e+00
7.250500000000000000e+03 1.017042214623225416e+00
7.251500000000000000e+03 9.881676960312227864e-01
7.252500000000000000e+03 1.021532396649161845e+00
7.253500000000000000e+03 9.902829129754936455e-01
7.254500000000000000e+03 1.004157357550247820e+00
7.255500000000000000e+03 9.968338938873900767e-01
7.256500000000000000e+03 9.954748567724636121e-01
7.257500000000000000e+03 9.888846254705112582e-01
7.258500000000000000e+03 9.890376369562329240e-01
7.259500000000000000e+03 1.005636976231282231e+00
7.260500000000000000e+03 9.935695045986577822e-01
