6.967000000000000000e+03 1.007786806116461355e-02
6.977000000000000000e+03 2.151340921780016749e-03
6.987000000000000000e+03 3.756368168662112001e-03
6.997000000000000000e+03 -2.710926249661093127e-04
7.007000000000000000e+03 -3.720311458074921545e-05
7.017000000000000000e+03 -1.392516203070362718e-03
7.027000000000000000e+03 -1.245205515524193916e-02
7.037000000000000000e+03 -1.711230257359898713e-02
7.047000000000000000e+03 -2.749270853253934013e-02
7.057000000000000000e+03 -6.530627340861126784e-02
7.067000000000000000e+03 -1.277614457875301569e-02
7.077000000000000000e+03 1.059053618043467523e-02
7.087000000000000000e+03 2.117953210007414780e-02
7.097000000000000000e+03 3.354489462494904956e-02
7.107000000000000000e+03 8.011246428976380451e-02
7.117000000000000000e+03 2.199023845766278351e-01
7.127000000000000000e+03 7.854603491146938676e-01
7.137000000000000000e+03 1.170482923435335998e+00
7.147000000000000000e+03 1.032468945414448891e+00
7.157000000000000000e+03 9.042191258455798408e-01
7.167000000000000000e+03 8.811995179168605752e-01
7.177000000000000000e+03 1.013794805358506856e+00
7.187000000000000000e+03 1.071423132260139077e+00
7.197000000000000000e+03 1.043708889284479691e+00
7.207000000000000000e+03 9.956869720330292495e-01
7.217000000000000000e+03 9.561791110318696996e-01
7.227000000000000000e+03 9.657148306798680748e-01
7.237000000000000000e+03 9.823777693436325231e-01
7.247000000000000000e+03 9.995060012331782318e-01
