6.966000000000000000e+03 6.009207481099027720e-03
6.974000000000000000e+03 3.876887891541479832e-03
6.982000000000000000e+03 1.005322440399686844e-02
6.990000000000000000e+03 -3.444460415141163950e-03
6.998000000000000000e+03 6.360891510534456318e-04
7.006000000000000000e+03 -3.191357904646873606e-03
7.014000000000000000e+03 4.748851380288925464e-03
7.022000000000000000e+03 -1.254214646678490815e-02
7.030000000000000000e+03 -1.227509776764960751e-02
7.038000000000000000e+03 -1.806517241646608818e-02
7.046000000000000000e+03 -2.567012884586121479e-02
7.054000000000000000e+03 -5.627485027092703207e-02
7.062000000000000000e+03 -4.734470590459325529e-02
7.070000000000000000e+03 -2.241631793462144952e-03
7.078000000000000000e+03 1.000557790700114073e-02
7.086000000000000000e+03 1.796366063944910066e-02
7.094000000000000000e+03 2.517794739672042995e-02
7.102000000000000000e+03 5.508175565502982513e-02
7.110000000000000000e+03 9.960695873609876072e-02
7.118000000000000000e+03 2.430822218422977188e-01
7.126000000000000000e+03 7.131484517161462700e-01
7.134000000000000000e+03 1.162775032458485125e+00
7.142000000000000000e+03 1.114036638889636111e+00
7.150000000000000000e+03 9.824777580407163535e-01
7.158000000000000000e+03 8.932855678774562769e-01
7.166000000000000000e+03 8.714910714192996011e-01
7.174000000000000000e+03 9.688578059678234489e-01
7.182000000000000000e+03 1.065459564226194367e+00
7.190000000000000000e+03 1.059697551318716569e+00
7.198000000000000000e+03 1.040145819505459590e+00
7.206000000000000000e+03 9.967130948059670370e-01
7.214000000000000000e+03 9.597961973684118187e-01
7.222000000000000000e+03 9.558596949035447210e-01
7.230000000000000000e+03 9.718542709805302326e-01
7.238000000000000000e+03 9.835541089232687773e-01
7.246000000000000000e+03 9.966047620212853397e-01
7.254000000000000000e+03 1.001428550708552967e+00
