6.963000000000000000e+03 3.674928272435397641e-03
6.965000000000000000e+03 1.602287047467499531e-02
6.967000000000000000e+03 4.118550944711360691e-03
6.969000000000000000e+03 -2.374880474272947524e-03
6.971000000000000000e+03 2.324527154051387809e-02
6.973000000000000000e+03 -9.977083334793487510e-03
6.975000000000000000e+03 -7.034830634637129904e-04
6.977000000000000000e+03 4.632301441694084755e-04
6.979000000000000000e+03 1.345829075049481335e-02
6.981000000000000000e+03 1.820632101151322757e-03
6.983000000000000000e+03 7.348083447259371077e-03
6.985000000000000000e+03 1.498354241834842955e-02
6.987000000000000000e+03 1.241529379488806942e-02
6.989000000000000000e+03 -7.208702018087963410e-03
6.991000000000000000e+03 -1.438757196469083767e-02
6.993000000000000000e+03 -7.081449442553852149e-03
6.995000000000000000e+03 -9.669816633450694699e-05
6.997000000000000000e+03 7.037619280421476137e-03
6.999000000000000000e+03 -6.387933291206846116e-03
7.001000000000000000e+03 -5.668638412850169348e-04
7.003000000000000000e+03 -9.274763277921607707e-03
7.005000000000000000e+03 -1.209581171234957488e-02
7.007000000000000000e+03 -6.510345578375629355e-03
7.009000000000000000e+03 1.264622082397050609e-02
7.011000000000000000e+03 9.384334813105689801e-03
7.013000000000000000e+03 -3.143736009731380471e-03
7.015000000000000000e+03 5.749069437497225828e-03
7.017000000000000000e+03 4.454759659479073756e-03
7.019000000000000000e+03 -1.268537878720032291e-02
7.021000000000000000e+03 -7.070061267560085946e-03
7.023000000000000000e+03 -2.458488704652562334e-02
7.025000000000000000e+03 -8.292975809241197663e-03
7.027000000000000000e+03 -3.641425696051801050e-03
7.029000000000000000e+03 -1.330771945441079629e-02
7.031000000000000000e+03 -1.809273126366849060e-02
7.033000000000000000e+03 -1.652911576508345540e-02
7.035000000000000000e+03 -9.010746181356719606e-03
7.037000000000000000e+03 -1.768408452362045524e-02
7.039000000000000000e+03 -2.071241985934309943e-02
7.041000000000000000e+03 -2.728586766441322420e-02
7.043000000000000000e+03 -1.195505565810100167e-02
7.045000000000000000e+03 -2.017942641445088364e-02
7.047000000000000000e+03 -3.938149852365717407e-02
7.049000000000000000e+03 -3.349540250261215379e-02
7.051000000000000000e+03 -3.795653383696342281e-02
7.053000000000000000e+03 -4.002857351052551554e-02
7.055000000000000000e+03 -5.813281781885620142e-02
7.057000000000000000e+03 -9.089790751267641522e-02
7.059000000000000000e+03 -7.115219106759018697e-02
7.061000000000000000e+03 -7.136469460430676370e-02
7.063000000000000000e+03 -3.414106474151779036e-02
7.065000000000000000e+03 -1.451407090912290067e-02
7.067000000000000000e+03 -1.040932716117206128e-02
7.069000000000000000e+03 -2.082280129405757966e-03
7.071000000000000000e+03 -8.368444346657875205e-03
7.073000000000000000e+03 9.473054777747392380e-03
7.075000000000000000e+03 1.479838542114728095e-02
7.077000000000000000e+03 9.316431616805788754e-03
7.079000000000000000e+03 1.029867171544594957e-02
7.081000000000000000e+03 3.123460004520161801e-03
7.083000000000000000e+03 1.731009729597192057e-02
7.085000000000000000e+03 2.525557998585754773e-03
7.087000000000000000e+03 1.886909581765062321e-02
7.089000000000000000e+03 3.073057120648449783e-02
7.091000000000000000e+03 3.053957065909167906e-02
7.093000000000000000e+03 1.868080821285959120e-02
7.095000000000000000e+03 1.502875035644352097e-02
7.097000000000000000e+03 3.399763401549074637e-02
7.099000000000000000e+03 4.137640419193074764e-02
7.101000000000000000e+03 5.271867727536938553e-02
7.103000000000000000e+03 5.808917397655439380e-02
7.105000000000000000e+03 6.561747256259541083e-02
7.107000000000000000e+03 5.971089062275336534e-02
7.109000000000000000e+03 9.557071048220373843e-02
7.111000000000000000e+03 1.156772549822204926e-01
7.113000000000000000e+03 1.253515694483653131e-01
7.115000000000000000e+03 1.648686767632408512e-01
7.117000000000000000e+03 2.033670224638147173e-01
7.119000000000000000e+03 2.593930161900006581e-01
7.121000000000000000e+03 3.459399473951282888e-01
7.123000000000000000e+03 4.623506047440338884e-01
7.125000000000000000e+03 6.430513076753757717e-01
7.127000000000000000e+03 8.122192540811810080e-01
7.129000000000000000e+03 9.636485784137243105e-01
7.131000000000000000e+03 1.093903624219768833e+00
7.133000000000000000e+03 1.157859067779545059e+00
7.135000000000000000e+03 1.193424683239734163e+00
7.137000000000000000e+03 1.201855489686796563e+00
7.139000000000000000e+03 1.155796151748872846e+00
7.141000000000000000e+03 1.129536153472061599e+00
7.143000000000000000e+03 1.105083509950702592e+00
7.145000000000000000e+03 1.061267187963235159e+00
7.147000000000000000e+03 1.030193679868147250e+00
7.149000000000000000e+03 9.886374185510400370e-01
7.151000000000000000e+03 9.663459964564223847e-01
7.153000000000000000e+03 9.405502303933085395e-01
7.155000000000000000e+03 9.181731052051229636e-01
7.157000000000000000e+03 8.973770219464821674e-01
7.159000000000000000e+03 8.673665769416601945e-01
7.161000000000000000e+03 8.856205044395691894e-01
7.163000000000000000e+03 8.509195702008587325e-01
7.165000000000000000e+03 8.570979988596763022e-01
7.167000000000000000e+03 8.735969176865099328e-01
7.169000000000000000e+03 8.998405284273669480e-01
7.171000000000000000e+03 9.126010464092231267e-01
7.173000000000000000e+03 9.538176897857369996e-01
7.175000000000000000e+03 9.735834380892152140e-01
7.177000000000000000e+03 1.032059145259654587e+00
7.179000000000000000e+03 1.039561763229470914e+00
7.181000000000000000e+03 1.058225631908655595e+00
7.183000000000000000e+03 1.095999685914549548e+00
7.185000000000000000e+03 1.063062873667580899e+00
7.187000000000000000e+03 1.057502838236800802e+00
7.189000000000000000e+03 1.059373674551578270e+00
7.191000000000000000e+03 1.067286670610439137e+00
7.193000000000000000e+03 1.049321318209018195e+00
7.195000000000000000e+03 1.050408790967458872e+00
7.197000000000000000e+03 1.055537990344184163e+00
7.199000000000000000e+03 1.024701100212080718e+00
7.201000000000000000e+03 1.024855759696240876e+00
7.203000000000000000e+03 1.003244318555578607e+00
7.205000000000000000e+03 1.001222789819031123e+00
7.207000000000000000e+03 9.843581967161325608e-01
7.209000000000000000e+03 9.929518883656512918e-01
7.211000000000000000e+03 9.831576270999541345e-01
7.213000000000000000e+03 9.614194818762551442e-01
7.215000000000000000e+03 9.457536549661077485e-01
7.217000000000000000e+03 9.440814031345188262e-01
7.219000000000000000e+03 9.718663492154149264e-01
7.221000000000000000e+03 9.446252430393010657e-01
7.223000000000000000e+03 9.553825571682635909e-01
7.225000000000000000e+03 9.466958161812794037e-01
7.227000000000000000e+03 9.732179319087870262e-01
7.229000000000000000e+03 9.739676042581987270e-01
7.231000000000000000e+03 9.660494763860181244e-01
7.233000000000000000e+03 9.691851098494673744e-01
7.235000000000000000e+03 9.738716819901793720e-01
7.237000000000000000e+03 9.840768200483969164e-01
7.239000000000000000e+03 9.655078341433975808e-01
7.241000000000000000e+03 1.005952485888256032e+00
7.243000000000000000e+03 9.796229862122993737e-01
7.245000000000000000e+03 9.955447933470878974e-01
7.247000000000000000e+03 9.872946818823614690e-01
7.249000000000000000e+03 1.019119447475835605e+00
7.251000000000000000e+03 1.002466389314671469e+00
7.253000000000000000e+03 1.005757728053566336e+00
7.255000000000000000e+03 1.000396383186387572e+00
7.257000000000000000e+03 9.920770673006258367e-01
7.259000000000000000e+03 9.972181755468266795e-01
