6.964500000000000000e+03 9.322410930272518464e-03
6.969500000000000000e+03 9.293266637939393698e-03
6.974500000000000000e+03 -7.481295273201779561e-03
6.979500000000000000e+03 1.023604995508564652e-02
6.984500000000000000e+03 1.212162174136757406e-02
6.989500000000000000e+03 -6.210172641034595112e-03
6.994500000000000000e+03 -2.072134149313774234e-03
6.999500000000000000e+03 -1.596427990512798824e-04
7.004500000000000000e+03 -1.174807962554482062e-02
7.009500000000000000e+03 9.985073851796866240e-03
7.014500000000000000e+03 2.782421903451106661e-03
7.019500000000000000e+03 -7.351872778703330731e-03
7.024500000000000000e+03 -1.358124538981786422e-02
7.029500000000000000e+03 -1.315883958058096902e-02
7.034500000000000000e+03 -1.444085850682534644e-02
7.039500000000000000e+03 -2.166103877462427496e-02
7.044500000000000000e+03 -2.237634394991362685e-02
7.049500000000000000e+03 -3.451456886365747434e-02
7.054500000000000000e+03 -5.751308074240734508e-02
7.059500000000000000e+03 -7.498724574042359148e-02
7.064500000000000000e+03 -2.202935490616970970e-02
7.069500000000000000e+03 -5.541059616356140693e-03
7.074500000000000000e+03 1.011301178592115269e-02
7.079500000000000000e+03 8.930848632896389722e-03
7.084500000000000000e+03 1.185512984764572515e-02
7.089500000000000000e+03 2.832883330242618250e-02
7.094500000000000000e+03 2.115288552932500024e-02
7.099500000000000000e+03 4.371692223284349976e-02
7.104500000000000000e+03 6.259654560019743685e-02
7.109500000000000000e+03 9.534945207840347936e-02
7.114500000000000000e+03 1.497497885253674388e-01
7.119500000000000000e+03 2.896854443859622208e-01
7.124500000000000000e+03 5.957923739324156864e-01
7.129500000000000000e+03 9.897527450927061654e-01
7.134500000000000000e+03 1.183095857432697295e+00
7.139500000000000000e+03 1.153588613609912272e+00
7.144500000000000000e+03 1.074426487720926637e+00
7.149500000000000000e+03 9.871752613061184345e-01
7.154500000000000000e+03 9.242768853444230936e-01
7.159500000000000000e+03 8.802969306724452991e-01
7.164500000000000000e+03 8.577907133924124183e-01
7.169500000000000000e+03 9.006918632546297987e-01
7.174500000000000000e+03 9.791433217983601667e-01
7.179500000000000000e+03 1.044487760151819211e+00
7.184500000000000000e+03 1.073413323495828076e+00
7.189500000000000000e+03 1.064781877543236499e+00
7.194500000000000000e+03 1.053903338228063813e+00
7.199500000000000000e+03 1.028893524271948579e+00
7.204500000000000000e+03 1.002090085260501473e+00
7.209500000000000000e+03 9.846329521611160152e-01
7.214500000000000000e+03 9.501104801670795519e-01
7.219500000000000000e+03 9.575613137561514998e-01
7.224500000000000000e+03 9.577733266187826722e-01
7.229500000000000000e+03 9.688735327980203538e-01
7.234500000000000000e+03 9.726756812299424126e-01
7.239500000000000000e+03 9.871871721272297284e-01
7.244500000000000000e+03 9.888092753389768896e-01
7.249500000000000000e+03 1.005194239117027211e+00
7.254500000000000000e+03 1.001725813715606206e+00
